33111222
32654987
11444112
31222333
11222333
25654987
26548974
33222111
33231111
21558954
31251453
25820753
32055992
33444555
21485177
30469426
25096711
34332843
14619458
17973486
35515823
19025330
36722372
23202882
34434999
26453818
24303810
27127041
26185559
5529972
94239842
38757641
23968655
26204487
36431099
20185344
37832952
17530795
26788841
28189634
16193368
14610690
13492190
22351465
20281633
35316523
26541236
8631665
14065562
21610323
12371258
33785852
30378152
24303657
20556895
14074114
17602293
33888203
24596357
29375782
29489032
21972731
23980762
33888205
21390568
36979705
12001021
13765351
7988160
32361719
20295396
30028767
21787592
22055999
31409348
32834315
94414117
12961379
30241980
14074171
14493282
35539856
11949722
16293114
13780252
14352434
5274020
12534942
92175165
20807916
25877498
25706472
13132132
14677088
25877669
33118660
37027378
32374665
22919750
25045959
39467934
23977819
28251975
22222222
23454643
34447686
21104860
14441418
14325843
11621339
12100047
28598140
33535223
22658671
31111222
37785193
94573451
27554421
33892286
14430759
20307900
8156363
22329738
12457758
18862130
22401890
5472050
23263517
16181532
5000111
16027622
14941746
28005215
20184517
24820289
13143432
25314273
28599028
92982401
11921949
35876101
27784753
94533735
14868429
17214365
34499904
24983710
3993862
16294680
94524368
16677898
4551325
21909389
17953530
23668586
17371356
10492380
26548987
94875234
33794870
35151058
24977647
21584133
31380021
8628109
21963317
18681333
22384492
25283191
31128431
17800605
26480859
32380073
31519605
33272021
22084348
7889382
30834220
21396600
6281377
26181086
28901682
93199517
6
40308764
12117984
28281908
32051734
25515913
24654978
29489403
26548697
31252453
54545685
24875890
31454726
11388114
29748292
28817169
13913638
30774947
10661623
25515151
30576824
24566413
11586475
21809256
11938650
6926610
32913015
20346239
25185389
29417557
27780651
16523652
25609855
26654987
25614662
27911334
14856038
31996539
12681026
24654998
24654123
94827951
25789672
17662998
14806201
37179995
11902582
24340562
24178555
18757864
18632391
10272727
20994622
94259174
25292586
40558958
42558956
27895246
23299050
17700454
12785240
35616398
18285975
20578354
7598899
39069021
95803005
26791511
19046220
38601060
27512596
22358882
22039703
8254296
27571402
25609855
33461906
33186581
17627401
33461906
93918538
33052444
35277928
18823687
38015584
32803550
24500371
8586921
30416605
26194050
94745407
24225265
23562740
94684112
30504263
14064440
25440254
28967807
27281899
27654789
23440107
35654987
34211715
25564218
32575011
33834514
23969850
20371646
16363436
93981798
29606165
26339665
25420181
24164965
36610663
95622916
15158148
20338009
25739602
26546987
22297159
35965935
8560330
20510777
13084744
92387174
31654459
30751757
30250180
25969596
14951238
27283727
30494763
37457457
32781444
13481506
23543123
23528974
16527147
35713395
28429045
24241807
32571731
32497673
13469721
31131003
12086487
16770265
19014105
25258369
5089642
23542789
6
21397960
21057508
24281474
93499475
16501596
29876878
23654245
21809256
18031691
31895360
22546943
19053865
93973072
23665081
94497760
7651804
20392642
16230755
92926168
23654987
20775190
34482716
92662222
20471263
7728730
18607630
32901872
26785371
21705745
37969893
21509306
41701013
6687133
23456776
23543345
93760583
27193584
13680790
28062744
36981774
13680790
23840487
11545878
16810721
13431476
6073093
29378902
5307982
21090458
23345543
28130104
32879064
36430183
10373268
17238989
28882306
12239578
35550733
30279503
16430839
22152799
24463713
95667293
32731442
24453005
12655375
10068921
36353753
31010346
5308956
11022099
34808926
24016527
17482081
32503557
33577892
11450644
8571821
29544131
22997974
31553171
26286129
20007227
17462365
24523368
34906449
20318805
29607931
93479075
95878989
30786999
22493745
39379063
27295323
24432345
17679641
16399610
26047384
10592430
29714524
25115781
23427277
13677807
42341277
34720638
22958840
28843344
15985212
22637418
20469832
32128578
22889123
12240380
23969031
23969031
26178577
10101010
95622918
22865573
32860015
29302805
20717543
24227027
35693109
21769347
22578542
98845999
34756580
37345632
16018953
13440028
29751684
16683026
25366498
28830754
33582174
22441051
37904613
14116163
23164069
26922702
23091761
17069996
28110899
33020987
13917698
25956635
25124167
6691219
9999999
23890151
30423700
29487322
30246898
26491369
40513304
30546182
30654857
16262071
28457483
11744359
10531442
18044562
22216221
16397560
11054724
14417195
95697681
28324530
16302968
27043477
35969565
22663901
25682640
30377825
16666430
39509067
23432234
20427340
24946463
8319260
32280731
12350246
17200625
21138722
14734312
11054724
29408511
16794825
28855172
6029684
25961115
30116406
34922047
28640794
28564054
22943779
29682381
18412378
21558959
32124273
18607731
11690033
33075112
5071594
25906979
16411007
13739761
6600334
21058087
25658595
17712798
32031655
11309031
23472649
26788989
5273763
23654789
14087503
30714954
22518373
23993339
14347473
10783483
11958703
23785152
17628716
28452801
33550733
35550733
28511118
25995739
55689452
17477154
11122233
22229624
29077911
18062019
35004036
20469326
40855226
30723578
28062671
32508110
27497873
17885897
26611509
30595318
14113469
28931686
27680191
26153265
22023336
11563552
20775868
42692633
4596895
31843037
35074066
21083361
22965044
21680824
14873483
30494763
19043296
16050197
25284805
25683604
30356575
12579951
27231338
6137989
34247162
27859200
28455854
29092263
16792655
36938385
27644806
26049706
27698082
94726869
30602363
14827490
8244586
18589391
40745831
20854014
14321158
11770862
92332337
11287110
12564111
27289009
11438578
11492438
14893797
38444292
13478319
24363871
36684270
24773073
32975168
4885119
24290345
29679948
13064286
28040710
4573952
13107118
28871393
24785616
18171036
29099777
16778389
11690450
17386044
23387451
17233227
6240330
31659919
14499231
25801433
32807201
93012854
30551667
32321316
27785785
13445302
25906485
25174468
35681432
17632487
10983055
41464447
16589137
25791175
22720317
20220535
7843900
37318362
29957638
27119197
23465085
16181233
23556456
30989195
23248570
36927496
30602065
30932708
16375379
24234092
23643748
8200000
3775654
95622196
26363227
17098115
21795320
30366572
31775654
27996925
18493866
15831468
28650000
33840768
16506916
23768972
36030757
25223173
27023116
28006649
27023116
10109235
14555555
26827572
16124020
33719008
20007372
24598704
23331083
33470098
23702649
25895623
35506182
22849444
33692122
35254585
29041727
22197322
20383326
32294332
36636933
21320822
29309108
28105806
16123137
95848531
92805527
17370918
38760031
33445803
23979758
18290866
18498540
27656640
23297352
96574321
23897620
40053560
33703431
8037662
6603848
29212993
29324235
25221407
94933896
21588359
30466474
17155439
18188026
30869737
94030003
24665478
34012200
24072731
18765439
22022310
22017464
29506825
25856632
30714896
32969672
26706219
22654177
25323098
25323098
20852683
23547536
28745841
29305867
18514278
7977599
24186070
17666666
37143849
8271409
25323098
36240697
95897413
5784259
28029099
32773179
22422428
34012200
24784337
17363793
29317046
23297352
17577897
32482687
10467055
24364352
17363793
30266455
35079945
42387481
30433436
7732929
17363612
33653142
24680211
22885899
2604970
24165526
29048168
38955477
29388001
38244368
42950627
30820506
35785425
16760966
95001966
25683100
27419920
17503952
27345937
22177624
10266619
16411893
14064131
38255364
41918568
95466930
33980214
26024370
94584491
38301743
20737483
27286400
20177556
33619581
29630740
36174265
10986937
24173929
30505611
43564321
33766654
94557074
28305713
94662061
31370101
34448977
23052425
23442715
23111111
36222625
28769022
2234554
31920041
24551469
27342328
23125507
12088764
30449163
24551469
32598689
32544811
34416321
35805577
25400869
21774743
32535950
22408568
17648947
38108306
27649440
30065404
35019790
95466930
27956889
14219933
22099044
29086856
95622916
30672877
32053120
20758093
7601082
28280720
23595106
25125950
28599786
18323861
26854102
30924252
35367839
23252331
25154501
41874841
36770055
35092534
31844134
23364528
29897942
18273919
24946284
23573558
28573111
28573111
0
5203748
21521926
32630652
74929477
36647023
10924294
24083089
16626278
21538536
29320876
37964208
17556510
26169789
26769211
26674145
35380957
38169173
11182275
33433822
25493248
25431259
5078281
21526852
27734298
39923835
93738206
38666172
38025692
35889731
21440375
18632391
36170779
22121401
24548713
33692066
11145123
21800123
23736368
12567456
32552370
13654876
23234898
35537472
23125837
36808388
24796960
22148528
25744797
14875718
37458097
29844810
95642700
20222222
26693834
27356601
36404483
21872535
34186764
34564244
41921061
18057594
34775081
21359782
23178537
36299456
25469222
25826884
4413234
32384329
25897586
29609633
34836488
39673727
2222333
36065797
26864748
23387415
17575893
23825820
27516347
27728775
17682584
30690068
17155657
39673727
94474759
12264393
27130457
23462513
29318244
2222222
30602872
23922320
27343144
11024012
37486851
20566666
17091813
35863903
31633249
37250781
35684369
36801712
11625531
27030496
12798657
25775760
14975691
21137264
28691782
22292926
33341073
26192183
33619571
22099701
7836522
34870601
94469466
21164083
34182931
94488476
27536445
26520403
30427739
22899317
18549233
32967986
22430862
4983855
39109405
4072019
2356897
17038551
41098354
3194111
39714108
23825990
26511094
32140132
24049451
25561626
35017000
22746874
33893644
41916679
30901285
22275818
18858242
31029131
28954014
21393921
18109476
21395109
37027693
12780936
45424890
23147975
22238846
30469436
4423069
32527751
93938787
23444455
34250253
43094751
38840209
36337079
10227218
13035173
25729844
39112716
24176555
20837802
24675092
92997675
13440574
17387403
22688790
12176018
30219876
30795689
24884953
31091402
25795483
25895483
11234665
13502800
31919326
22342677
14305447
23905704
13407131
23770252
27624377
36773924
7331671
4553597
28104019
27649071
27004211
26658168
17785210
6151791
27004211
21705046
25319312
29440995
34454722
27624366
39772959
27159836
31045266
32003099
10313319
30083467
27599850
14852128
20420884
28558695
17593432
29238715
33438832
17690830
16569206
93541097
16486453
7514254
36730278
21923740
25121920
18832892
22182441
39577703
33158961
25035411
25468795
26878731
25678472
27687788
27211813
93130000
11076639
32117358
25795483
26089297
17652653
32515092
31539573
34441721
38346960
25070133
25845512
31893598
32397556
21787546
23277604
18434638
23277604
25567213
23326551
18662285
28101697
29516303
33202383
36365098
12343252
2353636
25855502
25180750
13773315
23148946
25237197
37378581
93922796
33084987
34749441
31456123
18008986
18432662
27968594
31558939
21671959
12000334
21579562
22716933
39352114
2632323
30719913
23905704
10468269
24329545
3246866
28904868
27592175
39921374
25099651
28732961
16220621
14778129
24874107
14864200
17284910
28329355
16594540
2953930
25976933
2588296
29292752
26777679
28495272
20473327
35663644
32766039
29462409
21113910
25921033
17051634
24021637
14640883
31271314
31271314
94165247
35983864
35954509
21982713
11228567
27043247
38155367
21458779
17450325
25816120
23401258
40706178
16077883
30815877
3331256
14185098
41353815
29619195
23268271
8643326
34200013
18074152
33456789
32278465
20872543
27877698
14364643
31652437
36448169
37600102
27468716
37217193
4985899
16935666
40017699
30553927
28702404
5988773
27036186
30012569
23905705
37805798
31273345
32526567
23701458
17408931
17624438
30373870
29282798
18888065
14069619
17654776
36527559
23050712
94203844
20208763
36872693
30012140
23672255
31492472
22070798
18096939
32372558
25396283
27703456
51700426
14872017
20432666
40469627
21120621
11486183
95506659
95798363
7880552
23460421
32102956
33303259
21670900
23948448
93979045
29636252
94022182
20678897
29911667
29111667
30454518
26089567
37133256
31823026
33454665
12961333
36164922
24040405
24921836
31132370
25633969
11912988
41750040
26213935
28643988
30722039
35322006
31768622
2824715
23058245
30373870
34583175
34756583
22675232
13706143
31271022
23605498
94307871
25984422
33262806
27691611
4974706
2780734
23445654
36259825
29753231
25371316
11576455
25670144
21887746
14065356
35615489
19068006
34770309
26587867
31456456
16555744
36992017
28361038
31061133
24103376
28593422
33194326
37020515
14116354
93662116
30044374
20250092
1644542
23205818
21478270
34800782
23037342
17011727
29252397
17640749
22883093
18584973
22585949
23323896
35075793
12955553
18493867
17875009
17035824
17817119
33233267
29055437
33463491
27401097
16916501
26782326
36948965
20191121
36819287
29503635
18467098
33975336
22552342
20864452
34627056
21979016
11849673
17505335
32112955
17901627
93257221
7793625
34227935
27156282
28752470
23454986
38597698
2073341
43273591
28642843
93924867
29043257
27011124
23497687
35125454
18607428
17607428
35991592
95095449
35098142
41666788
32917226
34020156
18101867
36292410
35095213
31028084
37842313
35109301
12969132
13133456
34430919
24129817
25524288
10924427
20256077
2878654
27042805
21953406
95093011
23545465
13538387
5759139
38525691
25802968
40060098
27705400
33714368
23324465
12510585
27803100
24306582
21888044
21370007
31555454
21588837
27032118
37200107
34213475
1546546
34235770
16293375
23821235
11224569
26618388
29388800
30851867
13245597
7629321
22374366
13929270
10207077
17444716
24836488
34975717
22342654
34840039
11266225
17654398
38526009
37127934
35016435
25942664
20008052
31112646
29489792
30860890
13141709
25826093
28377145
21664286
25670588
18273059
29950634
35016435
30552776
32618289
22114191
20439779
18846380
25934957
14584884
93032617
24225356
13356543
23536105
31125547
27476874
30416516
22467743
20222233
30043156
26778445
14183691
21954290
4989132
33705524
24566785
28438268
24184658
13486523
31683977
24690272
29821724
18094872
27747065
27362591
25701531
17907542
21966227
26916440
30333233
24681060
8591392
16778190
21588763
13821768
35682167
41233412
23075057
27100932
33000086
12025104
38757236
27810843
11971894
24681060
11033924
30098453
95669930
40914861
11299981
22563899
31149200
30557416
22653649
26412023
11634591
28950250
24624709
94477862
36220551
95111111
27935601
21981416
35512958
20011746
22716726
13818834
26893188
32173372
21455995
5539137
14440259
25563690
30314215
36163679
31008959
11356223
26885407
33405323
20050487
22589546
26885264
17467319
16929352
36079246
23456104
23708240
32204123
24212686
14715217
25273648
26863559
16362793
24308344
34364585
27087887
22550547
2869300
18480705
24923459
32613164
37216749
35027930
17113987
17933256
31422894
34873853
33197447
4313908
21878736
28046585
37780892
11332341
33940030
8326653
32663942
29316993
34270583
26261225
6382545
32125884
38040883
29668403
14768500
22414760
26073868
27022681
30371677
8533398
4371924
14400233
18192662
93479644
24069898
92810334
10652389
24122513
5759129
35320037
28953662
20051305
32589741
10969401
12792271
34256980
14508307
24156349
28491235
16799305
24799873
94299767
35573573
28283954
33879639
95289960
16760354
17998582
16972493
18777170
20966118
18645342
12157911
24977377
20934071
13893235
16145340
34335223
24075739
23572679
14011121
4326218
11222111
14462953
13430855
22147579
11037379
30722885
29608963
34358987
33241620
34203376
14874147
11170352
24946313
4401291
17009008
39624435
10139099
26813630
12614295
26656281
20135688
93301159
37785193
30744586
14902771
10116302
22544035
30210951
22991770
8318016
12976326
33304672
21345780
14807071
20635090
20270250
29670308
22130843
13314736
38703979
20349684
26147644
14056035
45534543
24624727
98736925
14543908
37015481
13609436
8011486
28861003
32422072
13699441
25410189
32345327
20766494
10150757
31070607
16951763
20272883
12112097
24315246
36399903
4315412
12013373
8972432
33880235
28979029
92379776
35351332
16848946
18276549
11666777
31495496
94941222
26117578
21966223
24992379
1356538
13385205
93917498
11304554
22453876
10921984
20265534
22000788
30805044
8326788
20670485
31522950
25701603
27203001
38914117
28424962
13104952
39169441
36635554
16128161
17079513
11925076
37537914
21654987
12990099
25313315
8390001
30394449
22356908
29895562
20408399
29473309
4585272
28852598
94083309
30975385
32458632
30222508
10991196
13472896
21122034
21591733
30824804
6518560
37189767
12995207
26272672
1856745
34979178
34442000
26926072
10623837
4544435
39108329
23675639
6207116
27777621
27738719
37905181
34215193
22456839
14621160
30356196
24037662
36827155
39210334
95684315
23216232
38847764
24819341
34787287
21948003
29951946
37750178
13147031
30427654
17462463
33297641
20208955
10751651
33434116
17209597
9568315
27311892
30602102
26199158
32090983
39550395
24822503
5809593
20007240
10457178
92961819
31822086
32936196
12500037
27192590
31414779
8403828
26299195
28901303
14931534
34284252
23022048
39062670
16992273
28876895
29018693
34777286
24422612
39269921
34574318
38545898
22885968
92339122
22980460
28191972
38997103
21537349
23293426
22358925
37047793
25705723
14433990
20775507
20073650
16303072
29099854
23005333
28243582
92760933
22907054
37742913
14239302
26482025
27419723
35427897
29475865
39719704
23742640
37360833
36217554
36739589
39182773
29822492
92739963
28685675
26079974
16514554
11837257
18118426
95654228
11308945
25669521
26206503
11124679
35026582
11362751
30706438
23510289
18397480
27867692
36324309
92739963
32996207
35409808
30545389
98345597
24636544
23429252
29915519
18083738
32357081
28362262
26787999
26472094
16952566
27680629
25875089
38047613
24936581
20425374
32131812
27351713
38361471
14012046
12702552
8403808
11717774
34543958
22819243
30679811
37464953
37785394
94060349
31827582
28654859
37940617
18153712
25708514
30217477
32924138
26315869
35890257
22439102
38465295
12703786
25625901
37126653
29961326
33414944
35109081
38444300
31966451
39241469
10149647
37370971
20427273
22296411
37670242
16315127
25707960
36410075
95808305
41781271
8442687
23138142
12888794
23129025
31170202
33412852
17525443
28542039
20278882
30949434
21370566
93744433
25656239
23047783
31032995
28993443
27050164
16236973
17257026
21971247
35290839
18040283
37182312
29800985
29806317
22171228
36740328
22467714
21455317
16606865
5692345
24460915
24228688
34636888
27418723
32268577
33910048
12114352
13453914
10897368
22887797
92885295
28070780
35505808
28283725
26965034
22792001
18032916
23485985
22344491
38827907
95392120
8037776
29948324
35955928
14253354
4594163
21345678
40875526
29667378
16161978
25230564
22835558
24425218
22605262
33119436
24353367
30836887
28322838
1122333
27935815
35373180
24970553
31743859
12582643
17770456
22943469
24322694
35962063
20546184
22903566
14384889
26721256
33222222
36027565
28799408
34131575
27663513
8406091
18249043
26755001
23244572
25368300
23331857
13151384
20111346
17730002
22499376
25268644
29266994
12740125
21942509
31963160
26369850
33473471
13452660
24406386
17420195
24292645
32847385
31002912
29191011
37597997
28766667
27215575
30477398
23384847
27193440
37006678
30632471
30724289
42840525
5888887
35366268
21293456
25257507
11293835
31205295
21558548
36740889
31258976
22559366
7713801
12258258
28703303
10746311
31863311
17317065
21980998
28888987
38467780
28038128
31343322
22646538
21339224
34671256
14707442
36432226
33934417
42355428
22649532
7612192
32187016
30601450
30065910
10409934
94054084
16054387
32091100
17467050
39484295
38623212
23877378
34776557
34729963
30664320
22680210
92827214
4646887
28560676
24951944
95053822
5411572
32494734
16196470
35729413
33789870
20551773
18415516
16973675
17801549
14265776
20892537
24688904
18294151
16543943
16135287
25118811
28324260
14453804
35236886
34546041
33236467
21749116
94654321
28485227
30044922
33271988
95774103
29204886
11528064
28137212
40094056
32742537
32991424
31530693
18087963
95964512
95624412
95245788
27089956
20111964
21499091
30127820
28686432
24990970
14885915
25805940
31399445
20270321
38587770
17200259
21093998
34436555
12075184
21654332
21554885
12140708
39915111
36567894
32449952
13321848
26370635
32001387
36177733
22029457
23480712
36651540
29683142
28451989
25443999
21911048
34214998
11808512
24148535
30600185
20091356
23249466
25838718
21951388
2344175
23644080
3363333
29543194
39655880
4545428
30083717
32092551
11976780
29042982
18176528
18281671
32144570
35507554
28347703
25608863
16163888
32136439
34573070
20585456
33738564
22360277
26418723
33058281
27767692
94227463
34552333
29110408
10735910
41562320
94141207
39388957
17996797
37910203
30173029
13181156
92862451
39446233
21066288
28570735
28364243
14681881
13677323
21463514
26218631
24147234
29433956
25531968
18746366
38044553
39921802
8263572
27813721
30047487
10550566
4934046
24851473
28607974
94431767
40125652
36720933
41277269
92720421
29360367
27524384
22833878
23532599
30081935
12890908
27386285
16639193
12152946
33579689
28887253
1231231
24274766
21971196
29820298
95956780
39462320
14287884
26552994
28590947
37664555
36733518
16571051
21789663
24942213
11293987
20827422
28268856
24019138
17519257
93701355
24139274
24016527
26664125
24835906
26308789
28074123
5514272
25401627
17198745
20545545
11858820
35446441
27529448
32406323
31683736
29661555
21874936
20354238
28585920
14008696
23295760
27463632
33456278
35075102
36824509
40309555
12703791
18389865
45657567
26490458
28985893
24783049
35181017
24425302
29117750
27119321
30000036
27146507
22095742
28281926
92528381
31496531
21044525
27104030
27604808
10069213
25149130
33809021
25024750
30369478
16371304
31223692
30683612
30555691
20447291
31410516
93586613
34103296
21903987
17332730
10539201
25389586
33300060
22367759
33342345
31177663
23707364
37560695
11917756
28865422
94671882
30815787
33681707
27942631
38760938
27258940
22622928
27163663
18221667
4638629
36537832
11629103
30123654
33019100
25525145
29099641
17106315
26692794
29205735
33896713
14283243
20945973
11602640
24312742
20345448
20647027
4968026
30226030
30374415
27288600
28231683
28492261
18213623
28254508
26649013
30629330
11202857
36039185
13827916
42208700
95823937
21552507
36386544
18437079
95776155
94052307
23244976
32431712
8604345
17346428
7954430
29004874
33933813
7657342
25830356
25187749
26965311
12243877
30970342
22472464
24335609
31649610
26464011
39414651
28287553
10201114
35136122
23926159
28326643
31752929
23435453
31911724
20876460
27302762
36239086
20608040
23629605
12981664
4400677
22223333
36419109
24874666
94145067
27171561
25177163
29457273
21234567
24111562
34306698
32963308
26866099
25050880
94592388
32375697
25434567
21918738
28112680
37456234
17454911
26564446
37823978
12954831
29442984
27691382
29017372
67676787
39456471
22550162
23459047
28853461
28541654
31234567
27013033
30654687
30559231
27930236
12541351
36821147
25072368
36203320
17358933
95363327
38501737
37893877
20383543
27250878
25127573
29968632
33134600
37898801
17210764
29391867
32849571
30656413
21551800
34343434
14680732
25361402
17799130
25305291
17319280
28811610
20354747
30498910
18016898
15432678
21567363
12150293
30032088
30498543
31995412
27375902
21602146
10271103
17158372
16895389
95954803
23036944
30576563
32707528
29379652
27601296
